276482          7.250
270080          8.000
276489          7.750
144448          5.750
277403          2.250
279034          7.250
277092          7.500
267635          9.250
278859          8.500
275497          12.250
277635          11.750
261208          7.750
279101          10.000
270246          3.750
276048          4.500
273690          5.750
276115          6.000
270846          7.250
277456          3.250
273240          5.250
273132          14.500
275816          10.250
279152          13.500
279589          5.250
270622          9.000
260961          5.500
278592          10.750
277339          15.000
265644          7.000
273785          8.500
274540          8.000
273969          9.250
272803          9.250
275363          8.750
277681          6.250
273152          6.000
277597          9.750
252050          9.250
274909          11.000
273469          12.000
280859          7.250
275644          4.500
277000          13.000
270365          9.000
278556          1.250
275424          8.500
268802          9.750
278606          5.250
273045          6.250
277059          12.500
275498          14.000
269380          14.500
277081          6.250
276367          10.000
276746          7.000
270123          9.000
269149          9.500
277048          6.250
277455          12.750
275328          7.500
277301          10.250
273201          10.250
276334          9.500
260863          11.750
274902          7.250
278793          9.500
278646          4.000
277148          3.500
273563          7.000
273329          10.500
269266          8.500
275124          7.750
279438          5.000
273905          5.500
278932          9.500
269045          13.500
269853          4.000
279279          10.750
275569          12.500
275257          12.000
271619          6.500
276722          9.250
273584          11.000
275447          11.000
279263          11.500
272045          10.250
269984          9.000
276236          10.000
273986          9.250
276953          10.000
274169          15.000
275897          5.250
275970          11.250
277094          5.250
276857          9.000
270941          11.250
275185          11.250
259104          7.250
274534          15.250
274148          9.250
276284          15.500
